#
#Mon May 22 17:08:47 NOVT 2023
KARMA=0
MUSIC=0.16316831683168279
SOUNDS=0.17273171741195156
WINDOW_HEIGHT=1080
WINDOW_MODE=Window
WINDOW_WIDTH=1920
