#
#Wed May 24 09:01:27 NOVT 2023
KARMA=0
MUSIC=0.1663850371885589
SOUNDS=0.08340169259805578
WINDOW_HEIGHT=1080
WINDOW_MODE=Window
WINDOW_WIDTH=1920
PORT=8080
