#
#Tue May 23 17:02:38 NOVT 2023
KARMA=0
MUSIC=0.02729528535980149
SOUNDS=0.17273171741195156
WINDOW_HEIGHT=1080
WINDOW_MODE=Window
WINDOW_WIDTH=1920
