#
#Tue May 23 21:27:40 NOVT 2023
KARMA=0
MUSIC=0.12903225806451613
SOUNDS=0.08340169259805578
WINDOW_HEIGHT=1080
WINDOW_MODE=Window
WINDOW_WIDTH=1920
