#
#Mon May 22 13:18:29 NOVT 2023
KARMA=0
MUSIC=0.11414392059553352
SOUNDS=0.019851116625310174
WINDOW_HEIGHT=1080
WINDOW_MODE=Window
WINDOW_WIDTH=1920
